20221104
/home/keplercapital2/imbalance/ioqConnectorFIX/ioqConnectorFIX.log

   symbol    net  gross total_fee vol_usd   vol auc_vol lmt_vol add_vol rem_vol mkt_vol add_fee rem_fee brk_fee auc_fee sec_fee last_pos auct_px  slip slip_bps
0       *  83.54  92.18      8.64  130671  3180       0    1590    1304    1876       0   -3.26    5.63    4.77    0.00    1.50        0    0.00  0.00        0
1    NFLX  -2.67  -2.63      0.04    2173     8       0       4       3       5       0   -0.01    0.01    0.01    0.00    0.02        0     NaN  0.00        0
2   CMCSA  -4.38  -3.81      0.58    7019   228       0     114      96     132       0   -0.24    0.40    0.34    0.00    0.08        0     NaN  0.00        0
3    PYPL   9.47   9.68      0.21    4489    60       0      30      21      39       0   -0.05    0.12    0.09    0.00    0.05        0     NaN  0.00        0
4    KLAC   3.85   3.88      0.03    1956     6       0       3       3       3       0   -0.01    0.01    0.01    0.00    0.02        0     NaN  0.00        0
5    GILD   0.06   0.09      0.03     791    10       0       5       5       5       0   -0.01    0.01    0.01    0.00    0.01        0     NaN  0.00        0
6    MRVL   0.28   0.30      0.02     309     8       0       4       3       5       0   -0.01    0.01    0.01    0.00    0.00        0     NaN  0.00        0
7    REGN   7.16   7.23      0.07    4361     6       0       3       2       4       0   -0.01    0.01    0.01    0.00    0.05        0     NaN  0.00        0
8    MDLZ   4.87   5.03      0.16    3370    54       0      27      23      31       0   -0.06    0.09    0.08    0.00    0.04        0     NaN  0.00        0
9    DDOG   1.23   1.25      0.02     601     8       0       4       4       4       0   -0.01    0.01    0.01    0.00    0.01        0     NaN  0.00        0
10   ATVI   0.89   0.96      0.07    1443    20       0      10       7      13       0   -0.02    0.04    0.03    0.00    0.02        0     NaN  0.00        0
11    BKR   4.11   4.25      0.14    1667    58       0      29      26      32       0   -0.07    0.10    0.09    0.00    0.02        0     NaN  0.00        0
12    UAL  -8.41  -8.33      0.08    1180    28       0      14      11      17       0   -0.03    0.05    0.04    0.00    0.01        0     NaN  0.00        0
13   ILMN  16.65  16.74      0.09    3731    18       0       9       7      11       0   -0.02    0.03    0.03    0.00    0.04        0     NaN  0.00        0
14    MDB  -0.01   0.00      0.01     313     2       0       1       1       1       0   -0.00    0.00    0.00    0.00    0.00        0     NaN  0.00        0
15   ALGN   0.74   0.75      0.01     364     2       0       1       1       1       0   -0.00    0.00    0.00    0.00    0.00        0     NaN  0.00        0
16   DLTR   5.24   5.33      0.09    2823    18       0       9       5      13       0   -0.01    0.04    0.03    0.00    0.03        0     NaN  0.00        0
17    EXC   4.16   4.40      0.24    3648    98       0      49      44      54       0   -0.11    0.16    0.15    0.00    0.04        0     NaN  0.00        0
18   FTNT  -0.20  -0.19      0.01     185     4       0       2       2       2       0   -0.01    0.01    0.01    0.00    0.00        0     NaN  0.00        0
19   ROST   3.46   3.52      0.06    1689    18       0       9       8      10       0   -0.02    0.03    0.03    0.00    0.02        0     NaN  0.00        0
20   TTWO  -1.42  -1.33      0.09    3348    30       0      15      15      15       0   -0.04    0.04    0.04    0.00    0.04        0     NaN  0.00        0
21   SIVB  -5.74  -5.69      0.05    2534    12       0       6       6       6       0   -0.02    0.02    0.02    0.00    0.03        0     NaN  0.00        0
22   CTSH   0.50   0.56      0.06    1054    20       0      10       8      12       0   -0.02    0.04    0.03    0.00    0.01        0     NaN  0.00        0
23    TTD   0.92   0.94      0.02     402     8       0       4       4       4       0   -0.01    0.01    0.01    0.00    0.00        0     NaN  0.00        0
24    TER  -0.52  -0.46      0.06    1821    22       0      11      11      11       0   -0.03    0.03    0.03    0.00    0.02        0     NaN  0.00        0
25    HST  -1.02  -0.97      0.05     310    18       0       9       6      12       0   -0.02    0.04    0.03    0.00    0.00        0     NaN  0.00        0
26   STLD   1.87   1.94      0.07    2487    26       0      13      13      13       0   -0.03    0.04    0.04    0.00    0.03        0     NaN  0.00        0
27   NVAX  -5.07  -4.96      0.11    1075    52       0      26      25      27       0   -0.06    0.08    0.08    0.00    0.01        0     NaN  0.00        0
28   CRSP   4.41   4.43      0.02     539    10       0       5       5       5       0   -0.01    0.01    0.01    0.00    0.01        0     NaN  0.00        0
29   SWAV  -2.97  -2.96      0.01     561     2       0       1       1       1       0   -0.00    0.00    0.00    0.00    0.01        0     NaN  0.00        0
30   SBNY   1.08   1.09      0.01     296     2       0       1       1       1       0   -0.00    0.00    0.00    0.00    0.00        0     NaN  0.00        0
31   LSCC  -6.20  -6.16      0.04     830    16       0       8       8       8       0   -0.02    0.02    0.02    0.00    0.01        0     NaN  0.00        0
32   HBAN  -1.25  -0.85      0.40    2538   168       0      84      70      98       0   -0.18    0.29    0.25    0.00    0.03        0     NaN  0.00        0
33    WSC  -3.14  -3.08      0.06    1014    22       0      11       9      13       0   -0.02    0.04    0.03    0.00    0.01        0     NaN  0.00        0
34   AGNC -10.54  -8.70      1.85    5015   612       0     306     175     437       0   -0.44    1.31    0.92    0.00    0.06        0     NaN  0.00        0
35  LBRDK  76.39  76.53      0.14    3287    42       0      21      16      26       0   -0.04    0.08    0.06    0.00    0.04        0     NaN  0.00        0
36   NTAP  -0.60  -0.48      0.12    3313    48       0      24      24      24       0   -0.06    0.07    0.07    0.00    0.04        0     NaN  0.00        0
37    PFG  -4.04  -3.97      0.07    2113    24       0      12      12      12       0   -0.03    0.04    0.04    0.00    0.02        0     NaN  0.00        0
38   ALNY  -7.19  -7.18      0.01     424     2       0       1       1       1       0   -0.00    0.00    0.00    0.00    0.00        0     NaN  0.00        0
39   BMBL  -6.31  -6.19      0.12    1227    52       0      26      23      29       0   -0.06    0.09    0.08    0.00    0.01        0     NaN  0.00        0
40   HOLX  -8.02  -7.95      0.07    1915    26       0      13      12      14       0   -0.03    0.04    0.04    0.00    0.02        0     NaN  0.00        0
41   BMRN  -9.33  -9.18      0.15    4569    54       0      27      26      28       0   -0.07    0.08    0.08    0.00    0.05        0     NaN  0.00        0
42    VOD  -0.49   0.25      0.74    3938   332       0     166     146     186       0   -0.37    0.56    0.50    0.00    0.05        0     NaN  0.00        0
43   UTHR   0.32   0.36      0.04    2115     8       0       4       4       4       0   -0.01    0.01    0.01    0.00    0.02        0     NaN  0.00        0
44   CHKP  -2.41  -2.24      0.17    6526    52       0      26      26      26       0   -0.07    0.08    0.08    0.00    0.07        0     NaN  0.00        0
45   RPRX   8.62   9.03      0.40    7308   172       0      86      83      89       0   -0.21    0.27    0.26    0.00    0.08        0     NaN  0.00        0
46   MKTX -15.47 -15.42      0.05    2750    12       0       6       6       6       0   -0.02    0.02    0.02    0.00    0.03        0     NaN  0.00        0
47   FOXA  -5.08  -4.87      0.21    2975    98       0      49      48      50       0   -0.12    0.15    0.15    0.00    0.03        0     NaN  0.00        0
48   SSRM  -6.38  -5.99      0.39    1715   126       0      63      36      90       0   -0.09    0.27    0.19    0.00    0.02        0     NaN  0.00        0
49    ASO   6.65   6.78      0.13    2554    60       0      30      30      30       0   -0.08    0.09    0.09    0.00    0.03        0     NaN  0.00        0
50     MQ   3.53   3.87      0.34    1049   148       0      74      62      86       0   -0.16    0.26    0.22    0.00    0.01        0     NaN  0.00        0
51   ICLR  -2.88  -2.85      0.03    1609     8       0       4       4       4       0   -0.01    0.01    0.01    0.00    0.02        0     NaN  0.00        0
52   IRWD   4.36   4.56      0.20    1128    98       0      49      46      52       0   -0.12    0.16    0.15    0.00    0.01        0     NaN  0.00        0
53   NTLA   8.30   8.32      0.02     417     8       0       4       4       4       0   -0.01    0.01    0.01    0.00    0.00        0     NaN  0.00        0
54    WIX  14.36  14.43      0.07    2075    26       0      13      13      13       0   -0.03    0.04    0.04    0.00    0.02        0     NaN  0.00        0
55   MIDD  -5.35  -5.24      0.11    4539    34       0      17      17      17       0   -0.04    0.05    0.05    0.00    0.05        0     NaN  0.00        0
56   TXRH   1.10   1.12      0.02     598     6       0       3       3       3       0   -0.01    0.01    0.01    0.00    0.01        0     NaN  0.00        0
57   MASI  11.70  11.76      0.06    1776    14       0       7       5       9       0   -0.01    0.03    0.02    0.00    0.02        0     NaN  0.00        0
58   SYNA   4.33   4.48      0.15    4818    56       0      28      28      28       0   -0.07    0.08    0.08    0.00    0.06        0     NaN  0.00        0

            qty exch_fee
type exch               
FLO  NSDQ  1590     4.77
LMT  NSDQ  1590    -2.40

Gross (bps) = 7.0544
Net (bps)   = 6.3935
Gross/share = 0.0290
Net/share   = 0.0263
Broker fee  = 0.0015
Overall fee = 0.0027
